rect 255 0 0 100 100 20 20
rect 255 0 10 121 100 20 20
rect 255 0 20 142 100 20 20
rect 255 0 30 163 100 20 20
rect 255 0 40 184 100 20 20
rect 255 0 50 205 100 20 20
rect 255 0 60 226 100 20 20
rect 255 0 70 247 100 20 20
rect 255 0 80 268 100 20 20
rect 255 0 90 289 100 20 20
rect 255 0 100 289 121 20 20
rect 255 0 110 289 142 20 20
rect 255 0 120 289 163 20 20
rect 255 0 130 289 184 20 20
rect 255 0 140 289 205 20 20
rect 255 0 150 289 226 20 20
rect 255 0 160 289 247 20 20
rect 255 0 167 289 268 20 20
rect 255 0 173 289 289 20 20
rect 255 0 178 268 289 20 20
rect 255 0 184 247 289 20 20
rect 255 0 189 226 289 20 20
rect 255 0 195 205 289 20 20
rect 255 0 200 184 289 20 20
rect 255 0 205 163 289 20 20
rect 255 0 211 142 289 20 20
rect 255 0 216 121 289 20 20
rect 255 0 222 100 289 20 20
rect 255 0 227 100 268 20 20
rect 255 0 233 100 247 20 20
rect 255 0 238 100 226 20 20
rect 255 0 244 100 205 20 20
rect 255 0 249 100 184 20 20
rect 255 0 255 100 163 20 20
rect 239 0 255 100 142 20 20
rect 224 0 255 100 121 20 20
rect 208 0 255 121 121 20 20
rect 193 0 255 142 121 20 20
rect 177 0 255 163 121 20 20
rect 162 0 255 184 121 20 20
rect 146 0 255 205 121 20 20
rect 131 0 255 226 121 20 20
rect 115 0 255 247 121 20 20
rect 100 0 255 268 121 20 20
rect 85 0 255 268 142 20 20
rect 69 0 255 268 163 20 20
rect 54 0 255 268 184 20 20
rect 38 0 255 268 205 20 20
rect 23 0 255 268 226 20 20
rect 7 0 255 268 247 20 20
rect 0 7 252 268 268 20 20
rect 0 23 247 247 268 20 20
rect 0 38 242 226 268 20 20
rect 0 54 238 205 268 20 20
rect 0 69 233 184 268 20 20
rect 0 85 228 163 268 20 20
rect 0 100 223 142 268 20 20
rect 0 115 218 121 268 20 20
rect 0 131 213 121 247 20 20
rect 0 146 208 121 226 20 20
rect 0 162 204 121 205 20 20
rect 0 177 199 121 184 20 20
rect 0 193 194 121 163 20 20
rect 0 208 189 121 142 20 20
rect 0 224 184 142 142 20 20
rect 0 239 179 163 142 20 20
rect 0 255 175 184 142 20 20
rect 0 255 164 205 142 20 20
rect 0 255 153 226 142 20 20
rect 0 255 143 247 142 20 20
rect 0 255 132 247 163 20 20
rect 0 255 121 247 184 20 20
rect 0 255 111 247 205 20 20
rect 0 255 100 247 226 20 20
rect 0 255 90 247 247 20 20
rect 0 255 79 226 247 20 20
rect 0 255 68 205 247 20 20
rect 0 255 58 184 247 20 20
rect 0 255 47 163 247 20 20
rect 0 255 37 142 247 20 20
rect 0 255 26 142 226 20 20
rect 0 255 15 142 205 20 20
rect 0 255 5 142 184 20 20
rect 4 253 0 142 163 20 20
rect 13 251 0 163 163 20 20
rect 22 248 0 184 163 20 20
rect 31 245 0 205 163 20 20
rect 40 243 0 226 163 20 20
rect 49 240 0 226 184 20 20
rect 58 237 0 226 205 20 20
rect 67 235 0 226 226 20 20
rect 76 232 0 205 226 20 20
rect 85 229 0 184 226 20 20
rect 94 227 0 163 226 20 20
rect 103 224 0 163 205 20 20
rect 112 221 0 163 184 20 20
rect 121 219 0 184 184 20 20
rect 130 216 0 205 184 20 20
rect 139 213 0 205 205 20 20
rect 148 211 0 184 205 20 20