line 0 0 0 300 300 304 297
line 0 0 0 304 297 314 299
line 0 0 0 314 299 325 310
line 0 0 0 325 310 332 328
line 0 0 0 332 328 331 350
line 0 0 0 331 350 320 370
line 0 0 0 320 370 303 383
line 0 0 0 303 383 286 387
line 0 0 0 286 387 272 384
line 0 0 0 272 384 267 377
line 0 0 0 267 377 268 374
line 0 0 0 268 374 274 377
line 0 0 0 274 377 277 389
line 0 0 0 277 389 275 405
line 0 0 0 275 405 263 422
line 0 0 0 263 422 244 433
line 0 0 0 244 433 222 436
line 0 0 0 222 436 202 429
line 0 0 0 202 429 190 418
line 0 0 0 190 418 186 406
line 0 0 0 186 406 188 400
line 0 0 0 188 400 192 402
line 0 0 0 192 402 191 410
line 0 0 0 191 410 182 420
line 0 0 0 182 420 166 428
line 0 0 0 166 428 145 427
line 0 0 0 145 427 124 418
line 0 0 0 124 418 110 401
line 0 0 0 110 401 105 382
line 0 0 0 105 382 107 367
line 0 0 0 107 367 114 359
line 0 0 0 114 359 119 359
line 0 0 0 119 359 118 363
line 0 0 0 118 363 109 367
line 0 0 0 109 367 94 366
line 0 0 0 94 366 77 356
line 0 0 0 77 356 65 338
line 0 0 0 65 338 62 315
line 0 0 0 62 315 67 295
line 0 0 0 67 295 79 281
line 0 0 0 79 281 92 275
line 0 0 0 92 275 100 276
line 0 0 0 100 276 101 280
line 0 0 0 101 280 95 281
line 0 0 0 95 281 86 274
line 0 0 0 86 274 78 260
line 0 0 0 78 260 77 239
line 0 0 0 77 239 86 219
line 0 0 0 86 219 102 203
line 0 0 0 102 203 121 197
line 0 0 0 121 197 138 198
line 0 0 0 138 198 149 205
line 0 0 0 149 205 151 212
line 0 0 0 151 212 147 213
line 0 0 0 147 213 143 206
line 0 0 0 143 206 143 193
line 0 0 0 143 193 152 177
line 0 0 0 152 177 169 165
line 0 0 0 169 165 191 160
line 0 0 0 191 160 213 165
line 0 0 0 213 165 228 177
line 0 0 0 228 177 236 191
line 0 0 0 236 191 235 201
line 0 0 0 235 201 231 205
line 0 0 0 231 205 229 201
line 0 0 0 229 201 234 192
line 0 0 0 234 192 247 184
line 0 0 0 247 184 266 183
line 0 0 0 266 183 286 190
line 0 0 0 286 190 302 206
line 0 0 0 302 206 310 225
line 0 0 0 310 225 309 244
line 0 0 0 309 244 303 256
line 0 0 0 303 256 295 261
line 0 0 0 295 261 291 258
line 0 0 0 291 258 296 254
line 0 0 0 296 254 307 253
line 0 0 0 307 253 322 260
line 0 0 0 322 260 335 276
line 0 0 0 335 276 340 297
line 0 0 0 340 297 336 320
line 0 0 0 336 320 325 337
line 0 0 0 325 337 310 346
line 0 0 0 310 346 298 347
line 0 0 0 298 347 292 343
line 0 0 0 292 343 293 339
line 0 0 0 293 339 301 342
line 0 0 0 301 342 308 353
line 0 0 0 308 353 311 370
line 0 0 0 311 370 305 390
line 0 0 0 305 390 290 407
line 0 0 0 290 407 270 416
line 0 0 0 270 416 250 417
line 0 0 0 250 417 236 410
line 0 0 0 236 410 230 401
line 0 0 0 230 401 230 396
line 0 0 0 230 396 235 397
line 0 0 0 235 397 236 407
line 0 0 0 236 407 231 420
line 0 0 0 231 420 217 433
line 0 0 0 217 433 196 439
line 0 0 0 196 439 174 437
line 0 0 0 174 437 155 426
line 0 0 0 155 426 145 410
line 0 0 0 145 410 143 396
line 0 0 0 143 396 146 388
line 0 0 0 146 388 150 387
line 0 0 0 150 387 150 393
line 0 0 0 150 393 141 400
line 0 0 0 141 400 126 404
line 0 0 0 126 404 106 399
line 0 0 0 106 399 89 385
line 0 0 0 89 385 78 365
line 0 0 0 78 365 77 345
line 0 0 0 77 345 84 328
line 0 0 0 84 328 93 320
line 0 0 0 93 320 101 319
line 0 0 0 101 319 101 323
line 0 0 0 101 323 94 325
line 0 0 0 94 325 82 321
line 0 0 0 82 321 70 309
line 0 0 0 70 309 62 290
line 0 0 0 62 290 64 267
line 0 0 0 64 267 74 248
line 0 0 0 74 248 90 236
line 0 0 0 90 236 106 232
line 0 0 0 106 232 116 235
line 0 0 0 116 235 119 240
line 0 0 0 119 240 115 242
line 0 0 0 115 242 108 235
line 0 0 0 108 235 105 222
line 0 0 0 105 222 108 203
line 0 0 0 108 203 120 186
line 0 0 0 120 186 140 174
line 0 0 0 140 174 161 172
line 0 0 0 161 172 179 178
line 0 0 0 179 178 190 188
line 0 0 0 190 188 192 197
line 0 0 0 192 197 189 200
line 0 0 0 189 200 186 196
line 0 0 0 186 196 188 185
line 0 0 0 188 185 199 173
line 0 0 0 199 173 217 165
line 0 0 0 217 165 239 165
line 0 0 0 239 165 259 175
line 0 0 0 259 175 273 191
line 0 0 0 273 191 278 208
line 0 0 0 278 208 275 221
line 0 0 0 275 221 269 226
line 0 0 0 269 226 266 224
line 0 0 0 266 224 270 218
line 0 0 0 270 218 282 213
line 0 0 0 282 213 299 216
line 0 0 0 299 216 317 227
line 0 0 0 317 227 329 245
line 0 0 0 329 245 333 267
line 0 0 0 333 267 327 287
line 0 0 0 327 287 317 299
line 0 0 0 317 299 306 303
line 0 0 0 306 303 300 301
line 0 0 0 300 301 303 297
line 0 0 0 303 297 312 298
line 0 0 0 312 298 323 307
line 0 0 0 323 307 331 323
line 0 0 0 331 323 332 345
line 0 0 0 332 345 323 366
line 0 0 0 323 366 307 381
line 0 0 0 307 381 289 387
line 0 0 0 289 387 275 385
line 0 0 0 275 385 267 379
line 0 0 0 267 379 267 374
line 0 0 0 267 374 272 376
line 0 0 0 272 376 277 386
line 0 0 0 277 386 276 401
line 0 0 0 276 401 266 418
line 0 0 0 266 418 248 431
line 0 0 0 248 431 227 436
line 0 0 0 227 436 206 431
line 0 0 0 206 431 192 421
line 0 0 0 192 421 186 409
line 0 0 0 186 409 187 401
line 0 0 0 187 401 191 401
line 0 0 0 191 401 192 407
line 0 0 0 192 407 185 418
line 0 0 0 185 418 170 426
line 0 0 0 170 426 149 428
line 0 0 0 149 428 128 421
line 0 0 0 128 421 112 405
line 0 0 0 112 405 105 386
line 0 0 0 105 386 106 370
line 0 0 0 106 370 112 360
line 0 0 0 112 360 118 358
line 0 0 0 118 358 119 362
line 0 0 0 119 362 111 367
line 0 0 0 111 367 97 367
line 0 0 0 97 367 81 359
line 0 0 0 81 359 67 342
line 0 0 0 67 342 62 320
line 0 0 0 62 320 65 299
line 0 0 0 65 299 76 283
line 0 0 0 76 283 89 275
line 0 0 0 89 275 99 276
line 0 0 0 99 276 102 279
line 0 0 0 102 279 97 281
line 0 0 0 97 281 88 276
line 0 0 0 88 276 79 263
line 0 0 0 79 263 77 244
line 0 0 0 77 244 83 223
line 0 0 0 83 223 98 206
line 0 0 0 98 206 117 197
line 0 0 0 117 197 135 197
line 0 0 0 135 197 147 204
line 0 0 0 147 204 151 211
line 0 0 0 151 211 148 213
line 0 0 0 148 213 144 209
line 0 0 0 144 209 143 196
line 0 0 0 143 196 149 181
line 0 0 0 149 181 165 167
line 0 0 0 165 167 186 160
line 0 0 0 186 160 208 163
line 0 0 0 208 163 226 174
line 0 0 0 226 174 235 188
line 0 0 0 235 188 236 199
line 0 0 0 236 199 232 205
line 0 0 0 232 205 229 202
line 0 0 0 229 202 232 194
line 0 0 0 232 194 243 186
line 0 0 0 243 186 261 182
line 0 0 0 261 182 282 188
line 0 0 0 282 188 299 202
line 0 0 0 299 202 309 221
line 0 0 0 309 221 310 240
line 0 0 0 310 240 304 254
line 0 0 0 304 254 296 260
line 0 0 0 296 260 292 259
line 0 0 0 292 259 294 255
line 0 0 0 294 255 304 253
line 0 0 0 304 253 319 258
line 0 0 0 319 258 332 272
line 0 0 0 332 272 340 292
line 0 0 0 340 292 338 315
line 0 0 0 338 315 328 334
line 0 0 0 328 334 313 345
line 0 0 0 313 345 300 347
line 0 0 0 300 347 292 344
line 0 0 0 292 344 292 340
line 0 0 0 292 340 299 341
line 0 0 0 299 341 307 350
line 0 0 0 307 350 311 366
line 0 0 0 311 366 307 386
line 0 0 0 307 386 294 404
line 0 0 0 294 404 275 415
line 0 0 0 275 415 254 417
line 0 0 0 254 417 238 412
line 0 0 0 238 412 230 403
line 0 0 0 230 403 230 396
line 0 0 0 230 396 234 396
line 0 0 0 234 396 236 404
line 0 0 0 236 404 233 417
line 0 0 0 233 417 220 431
line 0 0 0 220 431 201 439
line 0 0 0 201 439 179 438
line 0 0 0 179 438 159 429
line 0 0 0 159 429 146 414
line 0 0 0 146 414 142 399
line 0 0 0 142 399 145 389
line 0 0 0 145 389 150 387
line 0 0 0 150 387 151 391
line 0 0 0 151 391 144 399
line 0 0 0 144 399 129 403
line 0 0 0 129 403 110 401
line 0 0 0 110 401 92 389
line 0 0 0 92 389 80 370
line 0 0 0 80 370 77 349
line 0 0 0 77 349 82 331
line 0 0 0 82 331 91 321
line 0 0 0 91 321 99 319
line 0 0 0 99 319 102 322
line 0 0 0 102 322 96 325
line 0 0 0 96 325 85 323
line 0 0 0 85 323 72 313
line 0 0 0 72 313 63 294
line 0 0 0 63 294 63 272
line 0 0 0 63 272 71 252
line 0 0 0 71 252 86 237
line 0 0 0 86 237 103 232
line 0 0 0 103 232 115 234
line 0 0 0 115 234 119 240
line 0 0 0 119 240 117 242
line 0 0 0 117 242 110 238
line 0 0 0 110 238 105 225
line 0 0 0 105 225 106 207
line 0 0 0 106 207 117 189
line 0 0 0 117 189 135 176
line 0 0 0 135 176 157 171
line 0 0 0 157 171 176 176
line 0 0 0 176 176 188 186
line 0 0 0 188 186 192 196
line 0 0 0 192 196 190 200
line 0 0 0 190 200 186 197
line 0 0 0 186 197 187 188