oval 255 0 0 196 196 8 8
oval 255 0 0 196 196 8 8
oval 255 0 0 196 195 8 8
oval 255 0 0 196 197 8 8
oval 255 0 0 195 196 8 8
oval 255 0 0 197 195 8 8
oval 255 0 0 196 198 8 8
oval 255 0 0 195 194 8 8
oval 255 0 0 198 197 8 8
oval 255 0 0 194 197 8 8
oval 255 0 0 197 194 8 8
oval 255 0 0 197 199 8 8
oval 255 0 0 193 194 8 8
oval 255 0 0 199 195 8 8
oval 255 0 0 194 199 8 8
oval 255 0 0 195 192 8 8
oval 255 0 0 199 199 8 8
oval 255 0 0 191 196 8 8
oval 255 0 0 199 193 8 8
oval 255 0 0 196 201 8 8
oval 255 0 0 193 192 8 8
oval 255 0 0 202 197 8 8
oval 255 0 0 191 199 8 8
oval 255 0 0 197 190 8 8
oval 255 0 0 199 202 8 8
oval 255 0 0 189 194 8 8
oval 255 0 0 202 193 8 8
oval 255 0 0 193 203 8 8
oval 255 0 0 193 189 8 8
oval 255 0 0 203 200 8 8
oval 255 0 0 188 198 8 8
oval 255 0 0 201 189 8 8
oval 255 0 0 197 205 8 8
oval 255 0 0 189 190 8 8
oval 255 0 165 205 195 8 8
oval 255 0 165 190 203 8 8
oval 255 0 165 196 186 8 8
oval 255 0 165 203 203 8 8
oval 255 0 165 186 195 8 8
oval 255 0 165 204 190 8 8
oval 255 0 165 194 207 8 8
oval 255 0 165 190 187 8 8
oval 255 0 165 207 199 8 8
oval 255 0 165 186 201 8 8
oval 255 0 165 200 185 8 8
oval 255 0 165 201 207 8 8
oval 255 0 165 185 191 8 8
oval 255 0 165 208 192 8 8
oval 255 0 165 189 207 8 8
oval 255 0 165 193 183 8 8
oval 255 0 165 207 204 8 8
oval 255 0 165 182 198 8 8
oval 255 0 165 205 185 8 8
oval 255 0 165 197 210 8 8
oval 255 0 165 186 186 8 8
oval 255 0 165 211 197 8 8
oval 255 0 165 184 206 8 8
oval 255 0 165 198 181 8 8
oval 255 0 165 205 209 8 8
oval 255 0 165 180 192 8 8
oval 255 0 165 210 188 8 8
oval 255 0 165 191 212 8 8
oval 255 0 165 189 181 8 8
oval 255 0 165 212 203 8 8
oval 255 0 165 180 202 8 8
oval 255 0 165 204 180 8 8
oval 255 0 165 201 213 8 8
oval 255 0 165 181 186 8 8
oval 255 0 255 214 193 8 8
oval 255 0 255 184 211 8 8
oval 255 0 255 195 177 8 8
oval 255 0 255 210 209 8 8
oval 255 0 255 176 196 8 8
oval 255 0 255 211 183 8 8
oval 255 0 255 194 216 8 8
oval 255 0 255 184 180 8 8
oval 255 0 255 216 200 8 8
oval 255 0 255 178 207 8 8
oval 255 0 255 202 175 8 8
oval 255 0 255 206 215 8 8
oval 255 0 255 176 188 8 8
oval 255 0 255 217 188 8 8
oval 255 0 255 186 216 8 8
oval 255 0 255 189 174 8 8
oval 255 0 255 216 208 8 8
oval 255 0 255 173 201 8 8
oval 255 0 255 210 177 8 8
oval 255 0 255 199 220 8 8
oval 255 0 255 178 180 8 8
oval 255 0 255 220 195 8 8
oval 255 0 255 178 213 8 8
oval 255 0 255 197 171 8 8
oval 255 0 255 212 215 8 8
oval 255 0 255 171 192 8 8
oval 255 0 255 217 182 8 8
oval 255 0 255 190 221 8 8
oval 255 0 255 183 173 8 8
oval 255 0 255 221 204 8 8
oval 255 0 255 172 207 8 8
oval 255 0 255 207 171 8 8
oval 255 0 255 205 222 8 8
oval 255 0 255 172 183 8 8
oval 0 0 255 223 189 8 8
oval 0 0 255 181 219 8 8
oval 0 0 255 191 168 8 8
oval 0 0 255 218 214 8 8
oval 0 0 255 167 198 8 8
oval 0 0 255 216 175 8 8
oval 0 0 255 196 225 8 8
oval 0 0 255 176 174 8 8
oval 0 0 255 226 199 8 8
oval 0 0 255 172 214 8 8
oval 0 0 255 202 166 8 8
oval 0 0 255 212 222 8 8
oval 0 0 255 166 187 8 8
oval 0 0 255 224 182 8 8
oval 0 0 255 185 226 8 8
oval 0 0 255 184 166 8 8
oval 0 0 255 225 210 8 8
oval 0 0 255 165 205 8 8
oval 0 0 255 213 168 8 8
oval 0 0 255 203 228 8 8
oval 0 0 255 169 176 8 8
oval 0 0 255 229 192 8 8
oval 0 0 255 174 222 8 8
oval 0 0 255 195 162 8 8
oval 0 0 255 220 221 8 8
oval 0 0 255 161 194 8 8
oval 0 0 255 223 174 8 8
oval 0 0 255 191 231 8 8
oval 0 0 255 176 167 8 8
oval 0 0 255 231 204 8 8
oval 0 0 255 164 213 8 8
oval 0 0 255 208 162 8 8
oval 0 0 255 211 229 8 8
oval 0 0 255 162 181 8 8
oval 0 255 175 231 184 8 8
oval 0 255 175 178 229 8 8
oval 0 255 175 187 159 8 8
oval 0 255 175 228 217 8 8
oval 0 255 175 158 202 8 8
oval 0 255 175 220 166 8 8
oval 0 255 175 199 235 8 8
oval 0 255 175 168 169 8 8
oval 0 255 175 235 197 8 8
oval 0 255 175 166 222 8 8
oval 0 255 175 200 156 8 8
oval 0 255 175 220 228 8 8
oval 0 255 175 156 188 8 8
oval 0 255 175 231 175 8 8
oval 0 255 175 185 235 8 8
oval 0 255 175 178 159 8 8
oval 0 255 175 235 211 8 8
oval 0 255 175 157 211 8 8
oval 0 255 175 215 158 8 8
oval 0 255 175 208 237 8 8
oval 0 255 175 160 174 8 8
oval 0 255 175 238 188 8 8
oval 0 255 175 171 231 8 8
oval 0 255 175 191 153 8 8
oval 0 255 175 229 225 8 8
oval 0 255 175 152 197 8 8
oval 0 255 175 228 165 8 8
oval 0 255 175 193 240 8 8
oval 0 255 175 168 161 8 8
oval 0 255 175 241 203 8 8
oval 0 255 175 158 221 8 8
oval 0 255 175 207 152 8 8
oval 0 255 175 218 236 8 8
oval 0 255 175 152 181 8 8
oval 0 255 0 238 177 8 8
oval 0 255 0 177 239 8 8
oval 0 255 0 181 152 8 8
oval 0 255 0 237 219 8 8
oval 0 255 0 150 207 8 8
oval 0 255 0 223 156 8 8
oval 0 255 0 203 243 8 8
oval 0 255 0 158 166 8 8
oval 0 255 0 244 193 8 8
oval 0 255 0 162 231 8 8
oval 0 255 0 197 147 8 8
oval 0 255 0 228 233 8 8
oval 0 255 0 147 190 8 8
oval 0 255 0 236 167 8 8
oval 0 255 0 186 245 8 8
oval 0 255 0 170 153 8 8
oval 0 255 0 245 210 8 8
oval 0 255 0 150 218 8 8
oval 0 255 0 215 148 8 8
oval 0 255 0 215 244 8 8
oval 0 255 0 150 173 8 8
oval 0 255 0 246 182 8 8
oval 0 255 0 169 241 8 8
oval 0 255 0 186 144 8 8
oval 0 255 0 239 228 8 8
oval 0 255 0 143 202 8 8
oval 0 255 0 231 156 8 8
oval 0 255 0 197 250 8 8
oval 0 255 0 159 157 8 8
oval 0 255 0 250 200 8 8
oval 0 255 0 153 230 8 8
oval 0 255 0 205 142 8 8
oval 0 255 0 226 242 8 8
oval 0 255 0 142 183 8 8
oval 148 211 0 245 170 8 8
oval 148 211 0 178 249 8 8
oval 148 211 0 174 144 8 8
oval 148 211 0 248 219 8 8
oval 148 211 0 142 214 8 8
oval 148 211 0 224 146 8 8
oval 148 211 0 209 252 8 8
oval 148 211 0 148 164 8 8
oval 148 211 0 253 188 8 8
oval 148 211 0 159 241 8 8
oval 148 211 0 193 138 8 8
oval 148 211 0 238 237 8 8
oval 148 211 0 137 194 8 8
oval 148 211 0 241 157 8 8
oval 148 211 0 189 255 8 8
oval 148 211 0 161 148 8 8
oval 148 211 0 255 208 8 8
oval 148 211 0 144 227 8 8
oval 148 211 0 213 138 8 8
oval 148 211 0 222 251 8 8
oval 148 211 0 139 173 8 8
oval 148 211 0 253 174 8 8
oval 148 211 0 168 251 8 8
oval 148 211 0 179 136 8 8
oval 148 211 0 249 229 8 8
oval 148 211 0 135 208 8 8
oval 148 211 0 234 146 8 8
oval 148 211 0 202 259 8 8
oval 148 211 0 149 154 8 8
oval 148 211 0 260 195 8 8
oval 148 211 0 149 240 8 8
oval 148 211 0 201 132 8 8
oval 148 211 0 236 247 8 8
oval 148 211 0 132 186 8 8
oval 255 0 0 250 160 8 8
oval 255 0 0 180 259 8 8
oval 255 0 0 165 138 8 8
oval 255 0 0 258 218 8 8
oval 255 0 0 135 222 8 8
oval 255 0 0 223 136 8 8
oval 255 0 0 217 259 8 8
oval 255 0 0 138 163 8 8
oval 255 0 0 261 181 8 8
oval 255 0 0 158 252 8 8
oval 255 0 0 186 129 8 8
oval 255 0 0 248 239 8 8
oval 255 0 0 128 200 8 8
oval 255 0 0 244 147 8 8
oval 255 0 0 194 265 8 8
oval 255 0 0 151 144 8 8
oval 255 0 0 265 204 8 8
oval 255 0 0 139 236 8 8
oval 255 0 0 211 128 8 8
oval 255 0 0 232 256 8 8
oval 255 0 0 129 175 8 8
oval 255 0 0 260 166 8 8
oval 255 0 0 169 262 8 8
oval 255 0 0 171 129 8 8
oval 255 0 0 260 229 8 8
oval 255 0 0 127 215 8 8
oval 255 0 0 234 135 8 8
oval 255 0 0 209 267 8 8
oval 255 0 0 138 152 8 8
oval 255 0 0 269 189 8 8
oval 255 0 0 147 250 8 8
oval 255 0 0 195 123 8 8
oval 255 0 0 246 250 8 8
oval 255 0 0 122 190 8 8
oval 255 0 165 255 150 8 8
oval 255 0 165 184 269 8 8
oval 255 0 165 155 133 8 8
oval 255 0 165 269 215 8 8
oval 255 0 165 129 231 8 8
oval 255 0 165 221 125 8 8
oval 255 0 165 225 266 8 8
oval 255 0 165 127 164 8 8
oval 255 0 165 269 173 8 8
oval 255 0 165 158 263 8 8
oval 255 0 165 179 121 8 8
oval 255 0 165 260 240 8 8
oval 255 0 165 119 207 8 8
oval 255 0 165 246 136 8 8
oval 255 0 165 200 274 8 8
oval 255 0 165 140 141 8 8
oval 255 0 165 275 199 8 8
oval 255 0 165 136 247 8 8
oval 255 0 165 206 117 8 8
oval 255 0 165 242 261 8 8
oval 255 0 165 118 179 8 8
oval 255 0 165 265 156 8 8
oval 255 0 165 172 273 8 8
oval 255 0 165 162 123 8 8
oval 255 0 165 271 227 8 8
oval 255 0 165 120 224 8 8
oval 255 0 165 233 124 8 8
oval 255 0 165 217 275 8 8
oval 255 0 165 127 152 8 8
oval 255 0 165 277 182 8 8
oval 255 0 165 146 262 8 8
oval 255 0 165 189 114 8 8
oval 255 0 165 257 252 8 8
oval 255 0 165 113 196 8 8
oval 255 0 255 257 139 8 8
oval 255 0 255 189 279 8 8
oval 255 0 255 145 129 8 8
oval 255 0 255 279 210 8 8
oval 255 0 255 125 242 8 8
oval 255 0 255 218 114 8 8
oval 255 0 255 235 271 8 8
oval 255 0 255 116 167 8 8
oval 255 0 255 275 163 8 8
oval 255 0 255 160 274 8 8
oval 255 0 255 170 114 8 8
oval 255 0 255 271 239 8 8
oval 255 0 255 111 215 8 8
oval 255 0 255 246 125 8 8
oval 255 0 255 207 283 8 8
oval 255 0 255 129 140 8 8
oval 255 0 255 284 192 8 8
oval 255 0 255 134 258 8 8
oval 255 0 255 200 108 8 8
oval 255 0 255 253 264 8 8
oval 255 0 255 108 184 8 8
oval 255 0 255 269 145 8 8
oval 255 0 255 177 283 8 8
oval 255 0 255 151 118 8 8
oval 255 0 255 282 223 8 8
oval 255 0 255 114 234 8 8
oval 255 0 255 231 112 8 8
oval 255 0 255 227 281 8 8
oval 255 0 255 115 154 8 8
oval 255 0 255 284 172 8 8
oval 255 0 255 147 273 8 8
oval 255 0 255 180 105 8 8
oval 255 0 255 269 252 8 8
oval 255 0 255 104 204 8 8
oval 0 0 255 259 128 8 8
oval 0 0 255 196 289 8 8
oval 0 0 255 133 127 8 8
oval 0 0 255 289 204 8 8
oval 0 0 255 121 253 8 8
oval 0 0 255 213 103 8 8
oval 0 0 255 246 276 8 8
oval 0 0 255 105 171 8 8
oval 0 0 255 280 152 8 8
oval 0 0 255 163 285 8 8
oval 0 0 255 160 108 8 8
oval 0 0 255 283 237 8 8
oval 0 0 255 104 225 8 8
oval 0 0 255 245 113 8 8
oval 0 0 255 217 290 8 8
oval 0 0 255 117 140 8 8
oval 0 0 255 292 184 8 8
oval 0 0 255 133 270 8 8
oval 0 0 255 192 98 8 8
oval 0 0 255 265 266 8 8
oval 0 0 255 98 191 8 8
oval 0 0 255 272 133 8 8
oval 0 0 255 183 294 8 8
oval 0 0 255 140 115 8 8
oval 0 0 255 293 218 8 8
oval 0 0 255 109 245 8 8
oval 0 0 255 227 101 8 8
oval 0 0 255 238 287 8 8
oval 0 0 255 103 157 8 8
oval 0 0 255 291 162 8 8
oval 0 0 255 149 285 8 8
oval 0 0 255 170 98 8 8
oval 0 0 255 281 251 8 8
oval 0 0 255 96 213 8 8
oval 0 255 175 259 115 8 8
oval 0 255 175 204 298 8 8
oval 0 255 175 121 126 8 8
oval 0 255 175 299 197 8 8
oval 0 255 175 119 265 8 8
oval 0 255 175 206 93 8 8
oval 0 255 175 258 279 8 8
oval 0 255 175 94 177 8 8
oval 0 255 175 284 141 8 8
oval 0 255 175 168 297 8 8
oval 0 255 175 148 103 8 8
oval 0 255 175 294 233 8 8
oval 0 255 175 98 235 8 8
oval 0 255 175 241 101 8 8
oval 0 255 175 227 297 8 8
oval 0 255 175 105 142 8 8
oval 0 255 175 300 174 8 8
oval 0 255 175 134 283 8 8
oval 0 255 175 183 90 8 8
oval 0 255 175 278 266 8 8
oval 0 255 175 89 200 8 8
oval 0 255 175 273 121 8 8
oval 0 255 175 190 304 8 8
oval 0 255 175 127 112 8 8
oval 0 255 175 304 211 8 8
oval 0 255 175 106 258 8 8
oval 0 255 175 221 90 8 8
oval 0 255 175 250 291 8 8
oval 0 255 175 92 162 8 8
oval 0 255 175 296 151 8 8
oval 0 255 175 153 297 8 8
oval 0 255 175 159 92 8 8
oval 0 255 175 294 248 8 8
oval 0 255 175 88 224 8 8
oval 0 255 0 257 103 8 8
oval 0 255 0 214 306 8 8
oval 0 255 0 108 127 8 8
oval 0 255 0 308 188 8 8
oval 0 255 0 119 278 8 8
oval 0 255 0 197 83 8 8
oval 0 255 0 271 280 8 8
oval 0 255 0 83 185 8 8
oval 0 255 0 287 128 8 8
oval 0 255 0 175 308 8 8
oval 0 255 0 136 99 8 8
oval 0 255 0 306 227 8 8
oval 0 255 0 94 248 8 8
oval 0 255 0 237 89 8 8
oval 0 255 0 239 303 8 8
oval 0 255 0 92 146 8 8
oval 0 255 0 307 163 8 8
oval 0 255 0 137 296 8 8
oval 0 255 0 172 82 8 8
oval 0 255 0 291 264 8 8
oval 0 255 0 80 210 8 8
oval 0 255 0 273 107 8 8
oval 0 255 0 199 313 8 8
oval 0 255 0 114 112 8 8
oval 0 255 0 314 203 8 8
oval 0 255 0 104 271 8 8
oval 0 255 0 213 79 8 8
oval 0 255 0 263 294 8 8
oval 0 255 0 80 168 8 8
oval 0 255 0 300 138 8 8
oval 0 255 0 158 309 8 8
oval 0 255 0 147 87 8 8
oval 0 255 0 306 244 8 8
oval 0 255 0 82 235 8 8
oval 148 211 0 253 90 8 8
oval 148 211 0 225 313 8 8
oval 148 211 0 95 129 8 8
oval 148 211 0 316 177 8 8
oval 148 211 0 120 291 8 8
oval 148 211 0 187 74 8 8
oval 148 211 0 285 280 8 8
oval 148 211 0 73 194 8 8
oval 148 211 0 288 115 8 8
oval 148 211 0 183 318 8 8
oval 148 211 0 123 97 8 8
oval 148 211 0 317 220 8 8
oval 148 211 0 90 261 8 8
oval 148 211 0 230 77 8 8
oval 148 211 0 251 307 8 8
oval 148 211 0 80 151 8 8
oval 148 211 0 312 150 8 8
oval 148 211 0 141 309 8 8
oval 148 211 0 160 76 8 8
oval 148 211 0 304 261 8 8
oval 148 211 0 72 221 8 8
oval 148 211 0 270 94 8 8
oval 148 211 0 210 322 8 8
oval 148 211 0 100 113 8 8
oval 148 211 0 323 193 8 8
oval 148 211 0 104 284 8 8
oval 148 211 0 204 69 8 8
oval 148 211 0 276 296 8 8
oval 148 211 0 69 177 8 8
oval 148 211 0 303 124 8 8
oval 148 211 0 166 321 8 8
oval 148 211 0 134 83 8 8
oval 148 211 0 319 237 8 8
oval 148 211 0 77 248 8 8
oval 255 0 0 248 77 8 8
oval 255 0 0 238 319 8 8
oval 255 0 0 82 133 8 8
oval 255 0 0 323 165 8 8
oval 255 0 0 123 305 8 8
oval 255 0 0 176 66 8 8
oval 255 0 0 299 278 8 8
oval 255 0 0 64 205 8 8
oval 255 0 0 287 101 8 8
oval 255 0 0 193 328 8 8
oval 255 0 0 109 96 8 8
oval 255 0 0 328 211 8 8
oval 255 0 0 89 275 8 8
oval 255 0 0 222 65 8 8
oval 255 0 0 265 310 8 8
oval 255 0 0 67 158 8 8
oval 255 0 0 317 137 8 8
oval 255 0 0 147 321 8 8
oval 255 0 0 147 70 8 8
oval 255 0 0 317 256 8 8
oval 255 0 0 66 234 8 8
oval 255 0 0 267 80 8 8
oval 255 0 0 222 329 8 8
oval 255 0 0 86 115 8 8
oval 255 0 0 332 181 8 8
oval 255 0 0 106 299 8 8
oval 255 0 0 193 59 8 8
oval 255 0 0 291 295 8 8
oval 255 0 0 59 187 8 8
oval 255 0 0 304 110 8 8
oval 255 0 0 175 332 8 8
oval 255 0 0 119 81 8 8
oval 255 0 0 331 229 8 8
oval 255 0 0 74 262 8 8
oval 255 0 165 241 64 8 8
oval 255 0 165 252 324 8 8
oval 255 0 165 68 139 8 8
oval 255 0 165 329 152 8 8
oval 255 0 165 128 319 8 8
oval 255 0 165 163 59 8 8
oval 255 0 165 313 275 8 8
oval 255 0 165 56 217 8 8
oval 255 0 165 285 86 8 8
oval 255 0 165 205 337 8 8
oval 255 0 165 94 97 8 8
oval 255 0 165 338 200 8 8
oval 255 0 165 88 289 8 8
oval 255 0 165 212 54 8 8
oval 255 0 165 280 312 8 8
oval 255 0 165 56 167 8 8
oval 255 0 165 319 122 8 8
oval 255 0 165 155 334 8 8
oval 255 0 165 133 66 8 8
oval 255 0 165 330 249 8 8
oval 255 0 165 61 248 8 8
oval 255 0 165 261 66 8 8
oval 255 0 165 236 336 8 8
oval 255 0 165 72 120 8 8
oval 255 0 165 339 169 8 8
oval 255 0 165 109 313 8 8
oval 255 0 165 181 50 8 8
oval 255 0 165 305 293 8 8
oval 255 0 165 49 198 8 8
oval 255 0 165 303 95 8 8
oval 255 0 165 185 343 8 8
oval 255 0 165 104 80 8 8
oval 255 0 165 342 220 8 8
oval 255 0 165 72 277 8 8
oval 255 0 255 232 52 8 8
oval 255 0 255 266 327 8 8
oval 255 0 255 55 147 8 8
oval 255 0 255 333 137 8 8
oval 255 0 255 135 332 8 8
oval 255 0 255 149 54 8 8
oval 255 0 255 327 269 8 8
oval 255 0 255 50 230 8 8
oval 255 0 255 281 72 8 8
oval 255 0 255 218 345 8 8
oval 255 0 255 79 100 8 8
oval 255 0 255 347 188 8 8
oval 255 0 255 90 305 8 8
oval 255 0 255 201 44 8 8
oval 255 0 255 295 312 8 8
oval 255 0 255 45 178 8 8
oval 255 0 255 320 107 8 8
oval 255 0 255 165 346 8 8
oval 255 0 255 118 64 8 8
oval 255 0 255 343 241 8 8
oval 255 0 255 57 263 8 8
oval 255 0 255 253 53 8 8
oval 255 0 255 250 341 8 8
oval 255 0 255 58 126 8 8
oval 255 0 255 345 154 8 8
oval 255 0 255 114 328 8 8
oval 255 0 255 167 43 8 8
oval 255 0 255 321 290 8 8
oval 255 0 255 41 211 8 8
oval 255 0 255 301 80 8 8
oval 255 0 255 197 353 8 8
oval 255 0 255 89 81 8 8
oval 255 0 255 353 208 8 8
oval 255 0 255 72 293 8 8
oval 0 0 255 222 40 8 8
oval 0 0 255 282 329 8 8
oval 0 0 255 43 156 8 8
oval 0 0 255 336 122 8 8
oval 0 0 255 143 346 8 8
oval 0 0 255 134 49 8 8
oval 0 0 255 341 262 8 8
oval 0 0 255 44 245 8 8
oval 0 0 255 275 57 8 8
oval 0 0 255 232 352 8 8
oval 0 0 255 64 105 8 8
oval 0 0 255 355 174 8 8
oval 0 0 255 93 320 8 8
oval 0 0 255 188 35 8 8
oval 0 0 255 311 309 8 8
oval 0 0 255 34 190 8 8
oval 0 0 255 319 91 8 8
oval 0 0 255 176 357 8 8
oval 0 0 255 102 63 8 8
oval 0 0 255 355 230 8 8
oval 0 0 255 55 278 8 8
oval 0 0 255 244 40 8 8
oval 0 0 255 266 344 8 8
oval 0 0 255 44 134 8 8
oval 0 0 255 350 139 8 8
oval 0 0 255 121 342 8 8
oval 0 0 255 152 37 8 8
oval 0 0 255 336 284 8 8
oval 0 0 255 33 226 8 8
oval 0 0 255 296 64 8 8
oval 0 0 255 211 361 8 8
oval 0 0 255 73 84 8 8
oval 0 0 255 362 195 8 8
oval 0 0 255 74 309 8 8
oval 0 255 175 210 30 8 8
oval 0 255 175 298 328 8 8
oval 0 255 175 31 168 8 8
oval 0 255 175 337 105 8 8
oval 0 255 175 153 359 8 8
oval 0 255 175 118 47 8 8
oval 0 255 175 355 253 8 8
oval 0 255 175 40 261 8 8
oval 0 255 175 267 42 8 8
oval 0 255 175 247 357 8 8
oval 0 255 175 49 112 8 8
oval 0 255 175 362 159 8 8
oval 0 255 175 99 336 8 8
oval 0 255 175 173 27 8 8
oval 0 255 175 327 306 8 8
oval 0 255 175 25 204 8 8
oval 0 255 175 317 75 8 8
oval 0 255 175 189 368 8 8
oval 0 255 175 85 64 8 8
oval 0 255 175 367 218 8 8
oval 0 255 175 55 295 8 8
oval 0 255 175 233 27 8 8
oval 0 255 175 283 346 8 8
oval 0 255 175 31 144 8 8
oval 0 255 175 353 122 8 8
oval 0 255 175 130 357 8 8
oval 0 255 175 136 32 8 8
oval 0 255 175 351 276 8 8
oval 0 255 175 27 241 8 8
oval 0 255 175 290 48 8 8
oval 0 255 175 226 369 8 8
oval 0 255 175 57 89 8 8
oval 0 255 175 371 181 8 8
oval 0 255 175 77 326 8 8
oval 0 255 0 196 20 8 8
oval 0 255 0 315 326 8 8
oval 0 255 0 20 180 8 8
oval 0 255 0 337 88 8 8
oval 0 255 0 165 371 8 8
oval 0 255 0 101 46 8 8
oval 0 255 0 368 242 8 8
oval 0 255 0 38 278 8 8
oval 0 255 0 257 28 8 8
oval 0 255 0 264 361 8 8
oval 0 255 0 34 120 8 8
oval 0 255 0 367 142 8 8
oval 0 255 0 106 351 8 8
oval 0 255 0 157 20 8 8
oval 0 255 0 343 300 8 8
oval 0 255 0 17 219 8 8
oval 0 255 0 312 58 8 8
oval 0 255 0 203 377 8 8
oval 0 255 0 68 68 8 8
oval 0 255 0 377 204 8 8
oval 0 255 0 56 312 8 8
oval 0 255 0 220 16 8 8
oval 0 255 0 300 346 8 8
oval 0 255 0 18 156 8 8
oval 0 255 0 355 105 8 8
oval 0 255 0 140 370 8 8
oval 0 255 0 119 29 8 8
oval 0 255 0 365 267 8 8
oval 0 255 0 23 258 8 8
oval 0 255 0 282 33 8 8
oval 0 255 0 243 374 8 8
oval 0 255 0 41 96 8 8
oval 0 255 0 378 165 8 8
oval 0 255 0 82 342 8 8
oval 148 211 0 181 11 8 8
oval 148 211 0 332 322 8 8
oval 148 211 0 10 195 8 8
oval 148 211 0 334 71 8 8
oval 148 211 0 179 382 8 8
oval 148 211 0 83 47 8 8
oval 148 211 0 380 230 8 8
oval 148 211 0 37 296 8 8
oval 148 211 0 246 15 8 8
oval 148 211 0 282 363 8 8
oval 148 211 0 19 130 8 8
oval 148 211 0 371 125 8 8
oval 148 211 0 115 367 8 8
oval 148 211 0 140 15 8 8
oval 148 211 0 359 292 8 8
oval 148 211 0 11 236 8 8
oval 148 211 0 306 41 8 8
oval 148 211 0 219 385 8 8
oval 148 211 0 51 72 8 8
oval 148 211 0 387 189 8 8
oval 148 211 0 60 330 8 8
oval 148 211 0 206 5 8 8
oval 148 211 0 318 344 8 8
oval 148 211 0 6 169 8 8
oval 148 211 0 354 87 8 8
oval 148 211 0 153 384 8 8
oval 148 211 0 101 28 8 8
oval 148 211 0 380 256 8 8
oval 148 211 0 20 276 8 8
oval 148 211 0 272 18 8 8
oval 148 211 0 261 379 8 8
oval 148 211 0 25 105 8 8
oval 148 211 0 384 147 8 8
oval 148 211 0 90 359 8 8